date_range <- c("2016.02.15.json",
"2016.02.16.json",
"2016.02.17.json",
"2016.02.18.json",
"2016.02.19.json",
"2016.02.20.json",
"2016.02.21.json",
"2016.02.22.json",
"2016.02.23.json",
"2016.02.24.json",
"2016.02.25.json",
"2016.02.26.json",
"2016.02.27.json",
"2016.02.28.json",
"2016.02.29.json",
"2016.03.01.json",
"2016.03.02.json",
"2016.03.03.json",
"2016.03.04.json",
"2016.03.05.json",
"2016.03.06.json",
"2016.03.07.json",
"2016.03.08.json",
"2016.03.09.json",
"2016.03.10.json",
"2016.03.11.json",
"2016.03.12.json",
"2016.03.13.json",
"2016.03.14.json",
"2016.03.15.json",
"2016.03.16.json",
"2016.03.17.json",
"2016.03.18.json",
"2016.03.19.json",
"2016.03.20.json",
"2016.03.21.json")
